Bin         Signal Sa+Sb                   Signal Sa+Sb   
            Before Recoil MC used          After Recoil MC used

7.5           14935.8                         17835.1   
12.5          15248.8                         15976.9   
17.5          12226                           12014.2  
24            10686.2                         10123.1
30            6406.94                         5938.54  
40            6253.44                         5754.12
50            3675.82                         3396.1
70            2332.14                         2288.78  
110           1691.67                         1697.2 
150           478.677                         493.604
190           195.208                         208.182
250           67.2329                         73.2795
600           58.5976                         64.9711  

Total         75142.7                         75142.7
(WholeRange)

